cipher =

 Columns 1 through 9:

    5563   28584   26359   50250   12906   34209   63260   52117    6889

 Columns 10 through 18:

   46940   46146    5621   18173   17609    8245   17940   61609    2114

 Columns 19 through 27:

   11934    3918   15782   45014   13611   39366   10157   63267    6859

 Columns 28 through 36:

   19506   21028   10876    7836   55607    3489   42127   28874    4951

 Columns 37 through 45:

   24499   22181    5947   30181   42092   11288    5458    2616    4455

